慕课气象数据中心
2066/60 =34.5h 69天 10周

17-5 73 min
19-2 79 min
2066-73-79 = 1914
11 18 12 7 9 

侯捷：
面向对象

STL
20h 10.20
21 38 24 39 20 31 36 14 11 19 30 43 7 31 15 31 31 11 29 44 46 21 26 34 22 34 7 6 31 44 49 28 9 34 7 24 8 13 14 20 45 41 36 20 9 26 26

设计模式
12h 两星期 9月8号
43 2.35 3.44 4.32 5.48 6.42 7.24 8.38 28 17 22 31 20 16 17 23 19 22 17 19 15 17 18 31 30 39

c++11新特性
10h 两星期 9月22号
29 31 15 19 5 27 11 13 32 30 14 31 27 46 15 8 10 6 13 26 10 4 31 15 19 21 3 5 8 26 22

内存管理
startup

算法
11h 11.3
49 30 31 26 25 38 14 35 44 27 32 52 32 38 37 26 33 41 32 35 28

系统设计
辅导课




qt
5月1
180+

ls后端